
     0.018839     0  1  0  0  0  0
      0.163580     0  0  0        
!     0.001057     0  1  0  0  1  1  1  0  0  0
"     0.007168     1  0  0  1  0  0  1
'     0.001149     0  0  1  1  1  0  1  0  1  1
,     0.018701     0  1  0  0  0  1
-     0.002941     1  0  0  1  1  1  1  0
.     0.007582     1  0  0  1  0  0  0
1     0.000046     0  0  1  1  1  0  1  0  1  0  1  0  1  0  1
9     0.000046     0  0  1  1  1  0  1  0  1  0  1  0  1  0  0
:     0.000046     0  0  1  1  1  0  1  0  1  0  1  0  1  1  1
;     0.001792     1  0  0  1  1  1  0  0  0
?     0.000505     0  1  0  0  1  1  1  0  1  0  1
A     0.000827     1  0  0  1  1  1  0  1  0  0
B     0.000505     0  1  0  0  1  1  1  0  1  0  0
C     0.000505     0  1  0  0  1  1  1  0  0  1  1
D     0.001424     1  0  0  1  1  1  0  1  1
E     0.000643     0  0  1  1  1  0  1  0  1  0  0
F     0.000919     0  1  0  0  1  1  1  1  1  1
G     0.000230     0  0  1  1  1  0  1  0  1  0  1  1
H     0.000919     0  1  0  0  1  1  1  1  1  0
I     0.002573     0  0  1  1  1  0  1  0  0
L     0.000138     1  0  0  1  1  1  0  0  1  1  1  0  0
M     0.000459     1  0  0  1  1  1  0  0  1  1  0
N     0.000184     0  0  1  1  1  0  1  0  1  0  1  0  0
O     0.000689     1  0  0  1  1  1  1  1  1  0
P     0.000184     1  0  0  1  1  1  0  0  1  1  1  1
Q     0.000092     1  0  0  1  1  1  0  0  1  1  1  0  1
S     0.000459     1  0  0  1  1  1  0  0  1  0  1
T     0.001838     0  1  0  0  1  1  1  1  0
U     0.000046     0  0  1  1  1  0  1  0  1  0  1  0  1  1  0
W     0.000551     0  1  0  0  1  1  1  0  0  1  0
Y     0.000459     1  0  0  1  1  1  0  0  1  0  0
a     0.062583     0  1  1  1     
b     0.009603     0  0  1  1  1  0  0
c     0.018931     0  0  1  1  1  1
d     0.038184     0  0  1  1  0  
e     0.103386     1  1  0        
f     0.017231     0  1  0  0  1  0
g     0.012866     1  0  0  1  1  0
h     0.051004     1  0  1  1     
i     0.049763     1  1  1  0     
j     0.000735     1  0  0  1  1  1  0  1  0  1
k     0.004457     0  0  1  1  1  0  1  1
l     0.031889     0  1  1  0  0  
m     0.020585     0  0  1  0  1  1
n     0.052612     1  0  1  0     
o     0.056931     1  0  0  0     
p     0.013463     1  0  0  1  0  1
q     0.000965     0  1  0  0  1  1  1  0  1  1
r     0.042090     0  0  1  0  0  
s     0.047190     1  1  1  1     
t     0.065984     0  1  0  1     
u     0.020953     0  0  1  0  1  0
v     0.008501     0  1  0  0  1  1  0
w     0.015899     0  1  1  0  1  0
x     0.001378     1  0  0  1  1  1  1  1  0
y     0.015071     0  1  1  0  1  1
z     0.000643     1  0  0  1  1  1  1  1  1  1



Average length(bits):  4.448559e+00
Size of file before compression(bits):  152341
Size of file after compression(bits):  96814
Compression:  0.635508
