
     0.018839     0  0  1  1     
      0.163580     0  1           
!     0.001057     1  2  2  1  0  1
"     0.007168     2  1  0  1     
'     0.001149     1  2  2  1  0  0
,     0.018701     0  0  1  2     
-     0.002941     1  2  2  1  1  
.     0.007582     2  1  0  0     
1     0.000046     1  2  2  1  2  0  1  0  2
9     0.000046     1  2  2  1  2  0  1  0  1
:     0.000046     1  2  2  1  2  0  1  0  0
;     0.001792     1  0  2  0  0  1
?     0.000505     1  0  2  0  2  1  0
A     0.000827     2  1  0  2  1  0
B     0.000505     1  0  2  0  0  2  2
C     0.000505     1  0  2  0  0  2  1
D     0.001424     1  0  2  0  2  0
E     0.000643     1  0  2  0  0  0  1
F     0.000919     1  2  2  1  2  2
G     0.000230     1  2  2  1  2  0  2
H     0.000919     1  2  2  1  2  1
I     0.002573     2  1  0  2  0  
L     0.000138     1  0  2  0  0  2  0  2
M     0.000459     1  2  2  1  2  0  0
N     0.000184     1  0  2  0  0  2  0  1
O     0.000689     2  1  0  2  1  2
P     0.000184     1  0  2  0  0  2  0  0
Q     0.000092     1  2  2  1  2  0  1  1
S     0.000459     1  0  2  0  2  1  2
T     0.001838     2  1  0  2  2  
U     0.000046     1  2  2  1  2  0  1  2
W     0.000551     1  0  2  0  0  0  2
Y     0.000459     1  0  2  0  2  1  1
a     0.062583     2  2           
b     0.009603     1  2  2  0     
c     0.018931     0  0  1  0     
d     0.038184     1  2  0        
e     0.103386     1  1           
f     0.017231     0  2  2  0     
g     0.012866     1  0  2  2     
h     0.051004     0  2  0        
i     0.049763     0  2  1        
j     0.000735     2  1  0  2  1  1
k     0.004457     1  0  2  0  1  
l     0.031889     1  2  1        
m     0.020585     2  1  2        
n     0.052612     0  0  2        
o     0.056931     0  0  0        
p     0.013463     1  0  2  1     
q     0.000965     1  2  2  1  0  2
r     0.042090     1  0  1        
s     0.047190     1  0  0        
t     0.065984     2  0           
u     0.020953     2  1  1        
v     0.008501     1  2  2  2     
w     0.015899     0  2  2  1     
x     0.001378     1  0  2  0  2  2
y     0.015071     0  2  2  2     
z     0.000643     1  0  2  0  0  0  0



Average length(bits):  2.851399e+00
Size of file before compression(bits):  152341
Size of file after compression(bits):  124110
Compression:  0.814685
